python main.py < sample3.in
7.578
18.878
12.753
9.809
6.718
11.770
18.878
1.127
12.753
3.497
9.809
26.465
19.365
22.103
3.308
14.970
25.323
0.310
7.262
22.895
8.693
2.158
12.547
9.870
82.285
23.480
20.831
6.614
6.200
0.938
27.569
11.251
5.765
12.667
8.719
22.398
7.518
27.124
16.451
6.718
11.770
6.612
1.802
6.076
6.453
3.018
8.096
14.371
12.896
65.868
8.022
10.299
21.612
12.103
16.072
6.478
8.541
7.450
22.544
43.996
10.890
2.928
3.855
17.962
9.492
17.617
3.817
24.760
13.533
1.496
37.668
21.572
8.434
25.795
23.824
4.300
46.894
17.097
8.824
2.500
14.864
7.322
8.243
16.691
6.712
4.933
1.807
13.743
32.509
12.615
1.387
15.814
9.581
41.524
11.777
3.303
11.708
3.737
9.347
28.322
15.203
19.706
13.642
14.986
6.716
10.619
18.878
12.753
9.809
6.718
11.770
