101
37791372546359967
602
814
192
86265492757
823890950
6830
4
29
8253756504997276361
883283695
84938694299186
627342125
191147996
73225217
717
90
12776967015
02
8570192819
80
9
113983554605
3958760789889799
41880626273320
2659257145943
40358264437160466
3166737296625
28
01355627231908
1499761
37998275299845
2844
42167164871241133
9688433662101632304
5267418652548323769
8140772
870
972480033
81004764155553
8416565
80091
2823838602
6832161677243423
15033372659
86360586654378
10061675003268
3686
8115869
3785
9295945978569938567772641788646565150758514508364142407585449006522697448998735249489147792793455614369268131656505520309678914476912838742918679121
61129011469160344229510487390526638630786
93728150112150890942515489557226509325436642732726088636582205865897330004278540149002760981477057790791228072197098364463610316185265397
0532413406140776980051913
675485927330837988765655607511178716318142126925791256826688705677208113436138618733325094864422253174418121092866109718
956488741816335467450216426235430088952134
673141691818334579900088041276044468528609433991981990895012627073825696640939028217306808161968251821485489391123963653560666582674713361201423710175522588247404986222443
8596697353678550935075947172508457117952210176269777361078338183995791013020647524350468392111500179271584548301737883
1393509510313128964358375743580720070921062375262707534019467539547540746083500770534045982736790454429027488565519913512786455590043956794
5110200435663427073083413970925437567511177429227535976274376920686337554296229982470108636329387921676105
2871606408494857140020237099057235495036986361186288202011916649189793481028246964895096188842861741189292116813392891519404780865973902224905234424686526004190698998210
012246771357983987088777766977688812580615414702511498164762431212571542183554816955761248591613970035344700281876453578437509897900435905
2401175611495770768738743092151492510081121608785669434743069109450468681751620286120504901921867914872957129248861921422515601403880085707732518611853005576716095104785558710681766177634
159155360045593213994651738463779794231235895126515081154001
783488719044839055571552717718196445216221615511178224505286005749371994165727
34767127655365840878078484056740217939694231825802719657053737859552522045137628899755561944620685837142755427307382849933406565059863138680421150444347787444959836140019151
672116554242686536373523532684952263919344603267904256619
7837359099282639762331484940049823568568487750627960008403518490757604453238291997098948299048114985320653583672382277007911822220853828276634973291901602785017193585412186674994094
6443304576502466588354103144196740181538
89426185920341755165740858911830882401993037213720304
9918037435360380311793821035178070984627264292334503886099507414402865691
21454814292992952694134421090
033498303606608551245480801902106555395665225
712057437349252358813
188741902714762100559701169983292176267548025336
82362479477897004731495307931560797044092771582956195735528775855560060
483966912018744373049804465425664050642954839
66670551097549106502577873256183740806905650670321589366
922015856652568218988210899165858059635201557389178999979995470386250780836564471371269158706844460548521287735962089905876550006
50813941
1520150040099855455525024264672824849944053039584037640176534716201295600004953467131158702184814934504604100447161376157465857251702163683728444671297934
1934441563299037311758570440796989434681900914645811669614793481324893984075449920187058438776919498797195649642751457
00288879819798408072036212467108226003095064915723027758994714537248647154646128
3120600557703075451932589941236648609765435743399482740635768422293260714388627566840804481223553970941
70242998683763112235690088082120144444302679090224893892690912937471912170170
026810712403326353835747928008201892
7311455719258605185365357466494236481953988749357894429276815338976171479344289978411338920554352070117152570578410654556502047244366072239387229285631292406221757465698636459
88942072222955120867336290845873778975108303815902746465450047415203824664956
57821478014018850381663030535281974111022434319357414827880409507019111464806731583066754894754456478514095678737134
19199675121868620120687561285756676633156332204217276032160636303967283816137668386989205379009305134426130896734333354992893833446898412492175518944
436339163509408910313488097042486129135496436227368617527331680292106756499022869731484
27385315636301941853139102251774
030346072384235198338440792466969004612941474994827761741097684695166351409998380157231331109579185
219618606997044376717817496572393364225924639177848620379027367693126619173190874637774687313083495067085394382856523082724132472089898328766041604013285799047256
3517795465881922054912802375937399078615103396501092283
219147546515120324620232225508039044708460082115688601833394298102683429437748307177361701220041
096515052891108386647359570521830581087376487225880625573535628
7788651325207456262527353619905773649771301147774026751023023501965943073287964367942155457817914508805134920367161386932614415
65656269652798405543236508949436091618583753694158582142937980689741509985345760619833126824883767918916440917078961274957435711513304948040748635762258902483634975479384
5822279802481405242692346140984566784774912062696956190804803259938305707903272
0001
