1

5000
11 972
50 1480
119 706
175 148
248 1428
271 117
334 1052
420 1226
507 177
527 1708
581 1256
602 826
664 1471
714 855
725 562
751 720
800 1179
878 225
958 389
1007 840
1048 1673
1138 1284
1222 201
1300 1191
1313 261
1335 1316
1430 1871
1504 1662
1601 1327
1625 873
1652 271
1688 1090
1751 1508
1838 716
1865 500
1949 1178
1994 1362
2023 168
2063 1842
2095 1041
2136 443
2157 1257
2187 874
2197 161
2279 1023
2336 1476
2415 1032
2514 439
2582 584
2665 1509
2753 1006
2780 629
2861 882
2948 511
3001 537
3022 1299
3100 372
3162 759
3207 847
3298 371
3374 1138
3416 1443
3487 1482
3571 1840
3629 317
3717 314
3775 847
3835 433
3907 375
3970 585
3990 1426
4082 583
4119 794
4171 1113
4183 1800
4245 1938
4344 1927
4442 1248
4472 1967
4566 321
4609 488
4658 351
4704 690
4772 1963
4863 135
4913 676
4987 762
5038 562
5138 1057
5229 1501
5294 568
5326 392
5345 711
5385 501
5395 1403
5483 1687
5556 195
5647 646
5706 1782
5737 1860
