10

5000
89 353
157 1626
199 1848
253 1713
336 161
407 216
454 1501
492 1105
545 1888
637 1062
697 1367
710 940
755 346
836 269
893 1578
933 1222
943 1660
965 765
1019 278
1047 742
1087 1835
1155 436
1218 1583
1271 104
1347 1523
1383 1967
1418 897
1450 897
1471 336
1515 1800
1570 1212
1584 1684
1598 697
1686 1586
1773 229
1812 1697
1887 1122
1952 1569
1987 1349
2000 1012
2044 1437
2081 1531
2129 934
2218 1594
2296 1457
2391 323
2456 352
2519 1687
2615 967
2627 208
2695 224
2736 925
2746 1573
2844 639
2907 566
2992 931
3013 106
3037 635
3083 973
3134 1365
3165 1568
3227 993
3318 755
3347 782
3364 1880
3441 1145
3541 1243
3578 1814
3659 245
3745 409
3822 487
3848 289
3883 1364
3940 164
3994 1201
4035 681
4104 314
4143 1611
4175 183
4263 429
4291 999
4359 542
4403 407
4488 1899
4513 1299
4587 264
4655 1334
4687 1438
4738 648
4836 960
4877 840
4942 1507
4994 1476
5063 1376
5155 1032
5212 1411
5300 960
5348 258
5369 1339
5389 1346

5000
22 1665
77 361
150 1919
169 731
184 1671
194 1940
238 1953
265 1614
346 932
367 1548
395 829
434 1295
457 1402
551 1742
598 220
619 1242
716 1762
809 1429
881 276
909 1457
999 1458
1029 1895
1104 650
1196 1978
1211 206
1302 534
1342 1649
1391 1214
1418 811
1429 1215
1498 1588
1564 1054
1619 1687
1656 280
1688 1716
1786 463
1818 302
1863 422
1892 285
1927 1346
1982 1166
1997 817
2033 885
2129 246
2210 1796
2247 571
2341 1005
2370 343
2454 1073
2521 1444
2579 206
2591 303
2648 1354
2739 913
2815 1538
2873 571
2944 116
2954 269
2968 1392
2990 736
3024 340
3065 1549
3083 1268
3138 129
3158 1548
3199 764
3229 2000
3292 1911
3342 270
3359 1827
3396 556
3455 1629
3514 1170
3588 962
3683 1670
3732 1033
3751 1583
3851 820
3941 920
4016 318
4048 771
4100 390
4158 1391
4173 1050
4211 238
4225 1784
4318 1003
4412 1928
4452 1098
4482 1142
4546 775
4629 1212
4714 1035
4743 826
4835 1603
4896 787
4912 1115
4951 1906
5039 1402
5134 1194

5000
49 396
121 452
157 926
203 1736
227 1943
247 1518
297 1988
330 505
377 1493
415 1562
486 552
532 170
628 420
710 1763
780 1250
875 1446
973 363
1073 839
1147 171
1189 1514
1231 1950
1289 1439
1361 1384
1460 969
1487 831
1568 772
1653 1374
1689 282
1731 996
1815 447
1872 1887
1961 1185
1987 1201
2058 1070
2114 513
2212 153
2236 1232
2332 442
2357 1695
2400 677
2500 713
2530 1975
2588 391
2670 609
2718 300
2813 1386
2834 1151
2924 350
2954 692
2979 173
2996 1342
3088 449
3111 1480
3127 700
3185 1774
3199 1182
3255 115
3309 630
3399 489
3483 557
3575 1244
3646 1123
3665 861
3707 563
3764 1033
3851 702
3923 1235
4019 1049
4046 243
4101 1867
4133 1712
4190 1409
4252 622
4289 260
4324 1307
4422 943
4459 412
4474 1934
4489 250
4502 1943
4585 1500
4676 758
4746 1170
4817 1224
4841 1169
4852 479
4873 1471
4922 662
4991 605
5044 909
5111 1322
5128 705
5198 1407
5228 858
5312 673
5331 475
5357 294
5398 1640
5432 649
5525 1516

5000
35 618
133 396
191 1530
207 1799
221 1664
265 164
348 702
411 157
495 1790
574 919
608 268
675 1275
735 1079
747 1244
836 1388
859 1068
879 1645
904 1424
967 310
1025 360
1060 1554
1156 298
1195 1543
1223 1270
1275 1909
1286 1004
1352 1903
1441 949
1534 553
1579 153
1660 1665
1737 1663
1801 961
1835 1251
1921 277
2002 837
2100 1511
2137 1165
2183 325
2255 847
2303 368
2348 144
2377 1155
2467 350
2488 684
2551 568
2635 1513
2666 1532
2723 1556
2820 1125
2918 615
2971 865
3034 710
3122 1218
3184 1394
3273 1741
3302 552
3346 1721
3411 410
3463 262
3534 1506
3557 996
3579 745
3656 1904
3670 1975
3691 879
3709 1424
3721 1009
3778 1866
3815 140
3879 119
3921 1121
4020 1671
4070 779
4082 539
4102 881
4186 554
4227 686
4269 110
4279 130
4373 1127
4405 1357
4467 1255
4521 1253
4568 518
4626 577
4659 1066
4736 1585
4772 1314
4854 1644
4904 1705
4958 1288
5033 277
5086 1763
5114 254
5178 1258
5240 238
5305 396
5379 200
5426 1095

5000
98 617
178 1740
208 159
306 862
388 320
461 839
504 329
588 1706
663 1831
763 273
824 1814
875 1249
938 1670
1026 1075
1049 586
1115 406
1177 1799
1268 1029
1281 302
1353 1630
1419 1252
1519 1743
1590 832
1679 804
1776 1745
1797 483
1887 1505
1931 604
1964 1671
2006 656
2097 1771
2178 1526
2219 1372
2316 875
2345 586
2395 435
2458 1328
2535 1215
2609 1021
2661 1830
2745 1954
2804 1437
2842 1522
2919 705
3015 1061
3114 896
3206 346
3241 1789
3333 706
3378 1719
3475 742
3525 1432
3610 1155
3620 999
3705 1294
3756 1134
3838 157
3851 1903
3888 1193
3912 1051
3983 257
4073 718
4111 840
4207 1310
4275 1413
4304 563
4350 964
4433 1994
4531 1262
4548 430
4619 1421
4661 1958
4761 1034
4848 425
4925 956
4971 965
5043 536
5062 1899
5158 1575
5242 1022
5340 1707
5408 1813
5503 551
5517 1423
5589 116
5637 113
5698 1233
5791 1911
5862 1207
5934 111
5958 173
5980 1422
6067 1523
6121 1634
6192 1800
6227 202
6313 830
6379 816
6404 1599
6499 404

5000
24 511
36 1253
72 1228
109 148
188 1262
255 609
344 1304
417 144
446 1499
464 1998
502 1081
548 719
631 732
669 1361
716 359
765 487
815 1136
860 129
891 263
987 1106
1067 284
1121 422
1150 1843
1193 162
1241 944
1330 1971
1369 1267
1411 319
1501 683
1554 684
1571 1871
1653 1902
1693 111
1726 1232
1760 521
1833 1978
1863 1023
1942 1260
2002 1938
2088 749
2148 628
2237 171
2257 1434
2317 937
2398 416
2492 1730
2529 1043
2625 345
2718 989
2816 1917
2857 306
2943 969
3006 1947
3081 1217
3150 527
3228 1397
3258 1218
3284 1945
3318 922
3337 1722
3361 1538
3415 1666
3473 553
3567 333
3605 138
3677 1836
3708 1088
3755 173
3772 931
3831 1931
3918 1924
3961 1038
4024 1089
4122 1706
4215 900
4304 972
4394 574
4481 1579
4498 1036
4581 1077
4608 478
4667 1435
4706 588
4735 1459
4758 1743
4822 1397
4878 1697
4944 518
5029 264
5076 741
5150 1267
5189 1111
5277 1772
5296 248
5368 1519
5410 986
5467 231
5519 1706
5543 1075
5600 797

5000
32 1596
83 1254
117 391
141 1148
161 1904
226 1587
316 326
376 421
405 652
417 329
488 1218
521 842
566 1304
612 1182
640 1593
716 235
797 1843
887 193
918 589
1012 1902
1105 209
1155 157
1233 741
1319 882
1338 879
1405 592
1505 690
1570 1626
1624 881
1703 1737
1801 1752
1849 1301
1930 1780
2030 683
2100 1923
2125 649
2220 1413
2294 1290
2344 319
2437 1108
2509 1742
2532 1908
2592 1072
2629 1269
2705 1203
2730 1603
2793 764
2876 1158
2913 1883
2929 1864
2958 1294
3033 1300
3119 643
3157 1436
3235 1918
3332 264
3423 607
3499 283
3591 459
3686 1239
3763 1341
3851 995
3920 1336
4015 1726
4038 1591
4127 254
4215 862
4242 443
4274 1112
4289 448
4364 1765
4454 1795
4500 744
4539 871
4603 1868
4653 1338
4742 117
4756 482
4850 1816
4920 364
4977 1466
5019 1856
5117 1786
5174 1216
5212 1831
5255 1694
5314 1743
5364 1242
5375 949
5445 708
5483 366
5541 246
5607 1289
5680 490
5748 334
5830 382
5847 342
5940 1576
5966 1488
6005 624

5000
27 539
74 217
91 409
147 1418
232 1512
265 1017
325 638
398 1149
463 428
483 1004
563 1280
661 1953
737 1476
824 1372
896 1078
972 662
1024 178
1079 776
1122 632
1181 143
1259 1921
1319 1530
1357 360
1422 925
1482 1415
1508 1732
1594 1603
1693 1628
1761 1944
1849 111
1923 1915
1961 410
1991 820
2052 1132
2107 347
2151 679
2201 204
2292 1819
2351 461
2422 1904
2452 765
2528 1189
2552 794
2583 1670
2624 1091
2669 1921
2696 1620
2713 814
2738 422
2820 566
2893 1275
2967 1414
2992 1729
3014 549
3039 407
3086 1716
3126 644
3165 321
3246 1458
3305 1319
3384 1284
3425 233
3449 1561
3509 1998
3539 852
3638 1439
3715 1806
3796 192
3818 1483
3902 180
3979 240
4034 1122
4061 917
4117 236
4183 278
4274 569
4333 1523
4362 1754
4401 572
4475 702
4530 812
4584 199
4596 272
4625 259
4645 1473
4676 1045
4726 1778
4795 1593
4828 563
4850 1157
4919 664
4971 611
5009 774
5089 1413
5132 194
5226 215
5253 1601
5268 497
5331 120
5425 1607

5000
17 1261
35 1605
89 859
105 481
147 1269
180 200
237 550
247 1604
273 633
367 839
400 1694
432 1647
482 230
567 891
580 494
621 649
642 972
700 770
736 416
781 1610
833 318
854 574
952 1010
976 1993
1071 169
1164 1672
1239 997
1303 759
1390 474
1438 1353
1475 1715
1550 753
1584 1747
1613 636
1635 139
1733 940
1750 1312
1814 1743
1828 355
1859 1975
1919 434
1967 1627
1984 1091
2025 1703
2073 884
2093 1326
2139 1126
2213 101
2287 1279
2352 1806
2418 970
2429 1724
2473 1231
2542 389
2579 693
2624 1628
2665 643
2687 980
2729 1822
2740 1083
2821 481
2904 1074
2958 1408
3036 780
3079 1245
3176 1069
3265 702
3281 1614
3333 863
3415 1238
3427 344
3523 1994
3607 1217
3679 167
3761 128
3809 1866
3888 714
3923 388
4016 1053
4029 1867
4082 1208
4174 1928
4238 908
4289 1805
4345 1189
4378 1317
4420 1556
4512 688
4531 1970
4592 1110
4661 194
4678 1434
4707 1248
4756 1728
4830 927
4847 869
4915 1812
4931 624
4993 1767
5027 1169

5000
99 651
160 596
204 587
299 190
318 1014
368 260
393 868
475 1455
514 1975
554 746
585 638
640 249
716 418
760 229
824 1896
884 154
963 1540
1029 963
1117 1909
1128 107
1212 113
1308 1306
1382 106
1473 1821
1495 544
1574 109
1588 336
1622 491
1707 476
1802 269
1858 1400
1913 1784
2011 518
2081 585
2135 1828
2210 1179
2298 1958
2347 600
2405 1074
2489 1101
2543 1777
2630 139
2675 591
2702 794
2796 176
2875 1399
2949 985
2967 1761
2982 1621
3037 521
3102 1185
3192 1618
3269 683
3351 1549
3419 1843
3472 851
3522 815
3556 1737
3566 582
3621 439
3685 813
3765 723
3794 1461
3809 771
3853 576
3863 645
3924 1512
4009 1251
4024 1380
4069 1488
4137 1102
4222 807
4274 1938
4284 789
4329 592
4384 1327
4417 1319
4450 1870
4525 1326
4573 1984
4598 1062
4694 1750
4777 349
4845 1093
4938 567
5029 409
5128 299
5151 554
5208 854
5299 1472
5399 1877
5484 1842
5544 527
5618 142
5641 341
5669 291
5759 940
5770 705
5856 310
5876 424
